%YAML:1.0
---
calibration_time: "Sat 02 Sep 2023 07:36:30 PM CST"
image_width: 1920
image_height: 1080
aspectRatio: 1.
flags: 14
camera_matrix: !!opencv-matrix
   rows: 3
   cols: 3
   dt: d
   data: [ 1.5826641806132602e+03, 0., 9.5950000000000000e+02, 0.,
       1.5826641806132602e+03, 5.3950000000000000e+02, 0., 0., 1. ]
distortion_coefficients: !!opencv-matrix
   rows: 1
   cols: 5
   dt: d
   data: [ 1.4479960636499509e-01, -3.2880990675170813e-01, 0., 0.,
       1.9279034663415115e-01 ]
avg_reprojection_error: 1.0294066062676053e+00
