%YAML:1.0
---
calibration_time: "Sat 02 Sep 2023 07:45:04 PM CST"
image_width: 1280
image_height: 720
aspectRatio: 1.
flags: 14
camera_matrix: !!opencv-matrix
   rows: 3
   cols: 3
   dt: d
   data: [ 8.1508117062758777e+02, 0., 6.3950000000000000e+02, 0.,
       8.1508117062758777e+02, 3.5950000000000000e+02, 0., 0., 1. ]
distortion_coefficients: !!opencv-matrix
   rows: 1
   cols: 5
   dt: d
   data: [ 9.8477266031063312e-02, -4.5508354811196089e-01, 0., 0.,
       4.9070480662303317e-01 ]
avg_reprojection_error: 4.6755155978176360e-01
