%YAML:1.0
---
calibration_time: "Sat 02 Sep 2023 07:48:22 PM CST"
image_width: 1280
image_height: 720
aspectRatio: 1.
flags: 14
camera_matrix: !!opencv-matrix
   rows: 3
   cols: 3
   dt: d
   data: [ 8.0158927099384800e+02, 0., 6.3950000000000000e+02, 0.,
       8.0158927099384800e+02, 3.5950000000000000e+02, 0., 0., 1. ]
distortion_coefficients: !!opencv-matrix
   rows: 1
   cols: 5
   dt: d
   data: [ 1.2160950164798327e-01, -5.9121245381695697e-01, 0., 0.,
       6.2517330813324778e-01 ]
avg_reprojection_error: 4.7325046727832887e-01
