%YAML:1.0
---
calibration_time: "Wed Oct 20 18:18:07 2021"
image_width: 3840
image_height: 2160
board_width: 5
board_height: 5
square_size: 1.
aspectRatio: 1.
flags: 2
camera_matrix: !!opencv-matrix
   rows: 3
   cols: 3
   dt: d
   data: [ 2974.877685546875, 0.0, 1898.2239990234375, 
           0.0, 2974.877685546875, 1097.186279296875, 
           0.0, 0.0, 1.0]

distortion_coefficients: !!opencv-matrix
   rows: 5
   cols: 1
   dt: d
   data: [0 0 0 0 0 ]
