%YAML:1.0
---
calibration_time: "Wed Oct 20 18:18:07 2021"
image_width: 640
image_height: 480
square_size: 1.
aspectRatio: 1.
flags: 2
camera_matrix: !!opencv-matrix
   rows: 3
   cols: 3
   dt: d
   data: [ 455.48516845703125, 0.0, 318.4490661621094, 0.0, 455.48516845703125, 255.2837677001953, 0.0, 0.0, 1.0 ]
distortion_coefficients: !!opencv-matrix
   rows: 8
   cols: 1
   dt: d
   data: [ -7.245991230010986, 39.09235382080078, 0.003427706891670823, 0.002184020821005106, -9.713174819946289, 
           -7.247308254241943, 39.06075668334961, -10.077254295349121 ]

