%YAML:1.0
---
calibration_time: "Wed Oct 20 18:18:07 2021"
image_width: 1920
image_height: 1080
board_width: 5
board_height: 5
square_size: 1.
aspectRatio: 1.
flags: 2
camera_matrix: !!opencv-matrix
   rows: 3
   cols: 3
   dt: d
   data: [ 1487.4388427734375, 0.0, 949.11199951171875, 
           0.0, 1487.4388427734375, 548.5931396484375, 
           0.0, 0.0, 1.0]

distortion_coefficients: !!opencv-matrix
   rows: 5
   cols: 1
   dt: d
   data: [0, 0, 0, 0, 0 ]
