%YAML:1.0
---
calibration_time: "Mon 11 Dec 2023 11:27:27 PM CST"
image_width: 1280
image_height: 720
aspectRatio: 1.
flags: 14
camera_matrix: !!opencv-matrix
   rows: 3
   cols: 3
   dt: d
   data: [ 6.4713077660253316e+02, 0., 6.3950000000000000e+02, 0.,
       6.4713077660253316e+02, 3.5950000000000000e+02, 0., 0., 1. ]
distortion_coefficients: !!opencv-matrix
   rows: 1
   cols: 5
   dt: d
   data: [ 8.4801156125950919e-02, -6.9113810255658367e-02, 0., 0.,
       -3.6245517420250256e-02 ]
avg_reprojection_error: 2.5012353327407988e-01
