%YAML:1.0
---
calibration_time: "Sat 16 Dec 2023 02:45:21 PM CST"
image_width: 1280
image_height: 720
aspectRatio: 1.
flags: 14
camera_matrix: !!opencv-matrix
   rows: 3
   cols: 3
   dt: d
   data: [ 6.7771625089965141e+02, 0., 6.3950000000000000e+02, 0.,
       6.7771625089965141e+02, 3.5950000000000000e+02, 0., 0., 1. ]
distortion_coefficients: !!opencv-matrix
   rows: 1
   cols: 5
   dt: d
   data: [ 8.3724900288583773e-02, -7.4452705533085015e-02, 0., 0.,
       -3.5767682848675486e-02 ]
avg_reprojection_error: 2.6624593413211411e-01
