%YAML:1.0
---
calibration_time: "Sat 16 Dec 2023 02:51:25 PM CST"
image_width: 1280
image_height: 720
aspectRatio: 1.
flags: 14
camera_matrix: !!opencv-matrix
   rows: 3
   cols: 3
   dt: d
   data: [ 6.5698360636557868e+02, 0., 6.3950000000000000e+02, 0.,
       6.5698360636557868e+02, 3.5950000000000000e+02, 0., 0., 1. ]
distortion_coefficients: !!opencv-matrix
   rows: 1
   cols: 5
   dt: d
   data: [ 1.1636015255166228e-01, -1.3657858911891094e-01, 0., 0.,
       1.2001185864758117e-02 ]
avg_reprojection_error: 3.6102537637490084e-01
